784 252 60 
1218 504 60 
1169 560 60 
1113 588 60 
994 595 10 
819 616 90 
553 616 270 
308 616 500 
-119 637 100 
-413 588 60 
-749 763 300 
-1603 434 10 
-756 385 60 
-819 322 60 
-868 224 60 
-903 175 60 
-917 133 60 
-882 105 60 
-826 98 60 
-763 154 60 
-686 203 60 
-595 245 60 
-511 301 60 
-406 336 60 
-280 350 60 
-168 336 60 
-77 308 60 
0 259 60 
105 203 60 
238 91 60 
469 42 60 
693 21 60 
819 28 60 
952 42 60 
1239 -147 60 
1421 -56 60 
1554 91 60 
1512 245 60 
1267 189 60 
1295 238 60 
1302 294 60 
1295 343 60 
1281 413 60 
1365 -371 60 
