1264.51 461.367 78.75713 
1222.66 509.446 78.70433 
1175 560.516 78.63383 
1112.55 590.599 78.57933 
1000.05 600.879 92.42033 
783.762 592.478 116.1263 
17.1868 655.234 199.5043 
-153.385 643.339 225.0332 
-309.661 599.173 245.5092 
-469.664 542.633 259.8812 
-605.012 478.562 257.5992 
-695.201 438.071 240.6092 
-760.509 385.84 224.0259 
-821.932 323.577 213.1472 
-872.037 227.951 213.7422 
-903.834 178.479 200.3132 
-916.877 137.257 195.3192 
-887.564 108.669 197.6392 
-829.094 103.447 207.7022 
-769.119 154.084 210.4912 
-687.592 205.087 212.2752 
-600.198 245.955 213.9962 
-511.986 301.344 197.9962 
-409.166 339.524 180.7932 
-281.658 352.282 173.3272 
-173.265 338.245 166.4412 
-80.9099 314.04 156.6221 
1.29889 260.493 145.3651 
111.062 205.294 125.4051 
242.136 91.9951 114.2551 
473.722 47.4106 95.04231 
694.495 25.575 86.07923 
820.113 27.8909 83.44531 
952.945 44.6779 82.21481 
1049.07 64.4174 80.78871 
1123.2 89.6648 78.62227 
1183.91 119.39 76.49327 
1225.96 147.559 74.38821 
1266.87 189.196 71.59921 
1298.16 238.471 68.88641 
1302.65 297.247 71.17271 
1299.66 344.58 72.79737 
1281.56 413.855 75.62441 
1264.51 461.473 77.71211 
